===== Test case 0 =====

Running axi_dma_0 ...
Received output:
[154  74 146 119  78 160 175  89  88  84  92 162 145  92  98 134 163 184
 103 177 134  60 170  83 200 140  80 149 123 112 117  93  91 192  85 142
  99 186  75 183 196 171 140 109  88  90 183 134  69 105 185 158 217  39
  78 124 188 169 185 196 145 186 112 178]

Expected output:
[154  74 146 119  78 160 175  89  88  84  92 162 145  92  98 134 163 184
 103 177 134  60 170  83 200 140  80 149 123 112 117  93  91 192  85 142
  99 186  75 183 196 171 140 109  88  90 183 134  69 105 185 158 217  39
  78 124 188 169 185 196 145 186 112 178]

Match for axi_dma_0: True
Measured AXI Timer cycles for axi_dma_0: 75901
Approx elapsed time for axi_dma_0: 759.010 us

Running axi_dma_1 ...
Received output:
[154  74 146 119  78 160 175  89  88  84  92 162 145  92  98 134 163 184
 103 177 134  60 170  83 200 140  80 149 123 112 117  93  91 192  85 142
  99 186  75 183 196 171 140 109  88  90 183 134  69 105 185 158 217  39
  78 124 188 169 185 196 145 186 112 178]

Expected output:
[154  74 146 119  78 160 175  89  88  84  92 162 145  92  98 134 163 184
 103 177 134  60 170  83 200 140  80 149 123 112 117  93  91 192  85 142
  99 186  75 183 196 171 140 109  88  90 183 134  69 105 185 158 217  39
  78 124 188 169 185 196 145 186 112 178]

Match for axi_dma_1: True
Measured AXI Timer cycles for axi_dma_1: 57041
Approx elapsed time for axi_dma_1: 570.410 us

Running axi_dma_2 ...
Received output:
[154  74 146 119  78 160 175  89  88  84  92 162 145  92  98 134 163 184
 103 177 134  60 170  83 200 140  80 149 123 112 117  93  91 192  85 142
  99 186  75 183 196 171 140 109  88  90 183 134  69 105 185 158 217  39
  78 124 188 169 185 196 145 186 112 178]

Expected output:
[154  74 146 119  78 160 175  89  88  84  92 162 145  92  98 134 163 184
 103 177 134  60 170  83 200 140  80 149 123 112 117  93  91 192  85 142
  99 186  75 183 196 171 140 109  88  90 183 134  69 105 185 158 217  39
  78 124 188 169 185 196 145 186 112 178]

Match for axi_dma_2: True
Measured AXI Timer cycles for axi_dma_2: 55415
Approx elapsed time for axi_dma_2: 554.150 us

===== Summary =====
axi_dma_0: cycles = 75901, time = 759.010 us, match = True
axi_dma_1: cycles = 57041, time = 570.410 us, match = True
axi_dma_2: cycles = 55415, time = 554.150 us, match = True

===== Final result =====
Test Success

